TTT: 0.03842680846794422
TGT: 0.03682151098625464
TAA: 0.034313233671114676
TGA: 0.030500652152101935
AAA: 0.03040032105949634
TAT: 0.027892043744356377
AGA: 0.027791712651750778
TGC: 0.02688873281830039
TGG: 0.0263870773552724
AAT: 0.026086084077455603
ACA: 0.02498244205879402
CAA: 0.023377144577104443
GTT: 0.023377144577104443
TTA: 0.023276813484498848
TAC: 0.022775158021470853
ACT: 0.022072840373231664
AAC: 0.021270191632386876
TTC: 0.02106952944717568
ATT: 0.020868867261964484
CTT: 0.020868867261964484
AGT: 0.0197652252433029
TCT: 0.01906290759506371
GAA: 0.018661583224641315
TTG: 0.017858934483796527
TCA: 0.017357279020768536
CAT: 0.017256947928162937
GCT: 0.016955954650346144
GAT: 0.016755292465134946
CAC: 0.016052974816895757
ACC: 0.015049663890839771
GGT: 0.014949332798234172
AGC: 0.014146684057389385
TAG: 0.012842379853516606
AGG: 0.012340724390488613
GAC: 0.012340724390488613
GTA: 0.012140062205277415
ATG: 0.011738737834855021
GCA: 0.011638406742249424
ATA: 0.011638406742249424
CCA: 0.011538075649643825
ATC: 0.01123708237182703
GGA: 0.01123708237182703
CTA: 0.011036420186615832
AAG: 0.011036420186615832
CCT: 0.010735426908799037
GTC: 0.010133440353165445
GTG: 0.009330791612320657
CAG: 0.00923046051971506
GAG: 0.008427811778870272
GGC: 0.008427811778870272
CTG: 0.008026487408447879
CTC: 0.00782582522323668
TCC: 0.007524831945419886
GCC: 0.006822514297180697
ACG: 0.006019865556335909
CGT: 0.005417879000702318
GGG: 0.004916223537674325
CCC: 0.004213905889435136
CGC: 0.004013243704223939
TCG: 0.0034112571485903484
CGG: 0.00331092605598475
CGA: 0.003110263870773553
CCG: 0.0028092705929567575
GCG: 0.0022072840373231666
